-5.42,-4.61,0.97
-4.81,-4.95,0.76
-4.19,-5.42,0.95
-4.14,-4.95,0.52
-3.85,-4.97,1.11
-3.79,-4.21,0.93
-3.78,-4.45,1.4
-3.86,-4.2,0.68
-3.92,-4.66,0.82
-3.77,-4.51,0.58
-3.44,-4.43,0.83
-4.14,-5.24,0.28
-4.03,-4.35,0.43
-4.12,-4.42,-0.68
-4.07,-4.34,0.48
-3.29,-4.37,0.82
-2.87,-4.7,0.69
-2.91,-3.9,0.25
-3.96,-4.26,0.78
-3.28,-4.22,0.79
-3.78,-4.71,-0.1
-3.68,-4.42,-1.06
-4.16,-4.62,-1.81
-4.15,-4.1,-1.2
-4.11,-4.45,-0.7
-4.06,-4.65,-0.73
-4.34,-4.97,-0.43
-4.58,-4.84,-0.38
-4.57,-4.85,0.16
-4.28,-5.72,1.26
-3.74,-5.5,0.99
-3.65,-6.24,-0.05
-3.8,-6.65,-0.85
-5.59,-4.82,-0.31
-5.48,-6.28,-0.7
-6.38,-6.86,-1.9
-6.49,-7.44,-1.64
-6.22,-7.6,-1.91
-7.44,-6.99,-1.5
-7.36,-7.72,-1.73
-7.25,-6.49,-1.6
-7.07,-6.32,-0.41
-7.02,-7.69,-0.52
-6.92,-7.93,-0.8
-7.12,-7.54,-1.15
-6.41,-7.33,-1.27
-6.02,-7.12,-1.82
-6.25,-7.17,-1.14
-6.09,-6.44,-1.52
-5.99,-6.05,-1.43
-5.65,-5.84,-1.81
-5.54,-5.5,-2.12
-6.21,-5.41,-2.31
-6.43,-5.33,-2.9
-5.95,-5.91,-3.49
-6.74,-5.92,-3.63
-6.35,-5.28,-2.43
-5.6,-7.24,-1.68
-5.37,-7.09,-1.52
-4.41,-6.65,-1.23
-5.43,-6.36,-0.14
-6.21,-6.66,0.2
-6.09,-7.34,0.15
-5.71,-7.13,-1.41
-5.01,-7.4,0.13
-5.33,-7.1,-0.44
-5.5,-7.09,-0.39
-5.44,-6.89,-0.79
-5.5,-6.87,-0.53
-5.45,-7.27,-0.66
-5.44,-7.19,-0.12
-4.42,-7.04,-0.12
-4.38,-6.45,0.54
-4.8,-6.26,0.87
-4.39,-6.32,0.48
-4.99,-6.67,-0.09
-6.01,-5.85,0.13
-5.91,-6.38,1.21
-6.2,-6.38,1.47
-5.54,-6.75,1.4
-5.59,-7.08,0.42
-4.33,-7.4,0.27
-4.65,-8.64,0.26
-4.31,-8.59,0.47
-4.39,-8.7,0.39
-4.01,-8,-0.14
-4.85,-7.5,-0.02
-4.4,-7.42,-0.15
-4.21,-7.63,0.12
-4.86,-7.07,-0.82
-5.14,-6.63,-0.69
-5.2,-6.67,-0.03
-5.39,-6.84,-0.9
-5.48,-6.44,-1.19
-4.96,-6,-1.5
-4.43,-5.37,-1.64
-4.62,-6.76,-0.55
-4.15,-5.88,0.11
-3.48,-6.26,-0.44
-4.21,-5.68,-0.18
-3.77,-6.02,-0.5
-4.02,-5.81,0.39
-4.31,-6.18,0.01
-3.85,-6.41,-0.31
-3.48,-5.99,-0.38
-3.52,-5.94,-0.8
-4.49,-5.78,-0.85
-5.45,-5.61,-1.2
-4.75,-6.11,-0.87
-4.95,-6.17,-0.11
-5.08,-6.43,0.34
-5.19,-5.87,0.12
-4.65,-5.45,0.28
-4.83,-6.19,0.44
-5.05,-5.54,0.74
-4.27,-6.34,0.58
-4.7,-6.09,1.17
-5.21,-6.71,1.13
-5.33,-6.74,0.57
-7.2,-7.51,-0.58
-6.81,-7.04,-1.68
-6.44,-7.52,-1.32
-6,-7.46,-2.78
-7.12,-5.83,-3.35
-5.12,-6.6,-2.9
-4.82,-6.67,-2.82
-4.51,-6.42,-3.14
-4,-6.28,-3.1
-4.39,-5.39,-2.83
-3.78,-5.38,-2.01
-3.5,-5.75,-2.29
-3.77,-6.2,-1.95
-3.72,-6.18,-0.05
-4,-6.79,-0.3
-5.25,-6.66,-0.37
-3.64,-7.49,-0.52
-4.4,-6.32,-0.1
-3.74,-7.23,-0.76
-3.34,-7.66,0.59
-3.2,-7.49,0.72
-5.24,-6.51,0.3
-5.63,-7.35,1.17
-4.48,-7.78,0.91
-5.22,-7.09,1.13
-5.29,-6.21,0.7
-5.49,-6.94,0.78
-5.36,-5.94,0.83
-5.84,-7.04,0.43
-4.76,-7.14,0.72
-5.67,-8.45,1.38
-6.3,-8.17,1.28
-6.53,-7.77,0.84
-6.7,-8.58,0.91
-6.83,-8.26,0.38
-7.04,-7.57,1.19
-6.73,-7.81,0.33
-6.73,-8.73,0.29
-5.74,-8.22,-0.44
-6.45,-8.55,-0.55
-3.85,-8.41,-1.73
-5.02,-6.26,-0.54
-5.85,-6.9,-0.17
-5.5,-6.94,0.02
-5.62,-7.38,0.77
-5.75,-7.25,0.74
-6,-7.21,1.17
-5.79,-6.96,1.4
-5.97,-6.08,1.61
-6.63,-6.25,1.45
-6.59,-6.64,1.8
-6.45,-6.61,1.48
-6.68,-5.58,0.74
-7.19,-5.14,0.43
-6.98,-5.11,0.62
-6.42,-5.53,1.13
-7.06,-5.91,0.85
-7.49,-6.48,0.62
-7.38,-6.02,0.19
-7.29,-6.82,-0.44
-6.8,-7.18,-0.21
-6.97,-6.13,0.8
-6.45,-6.09,-0.12
-6.47,-5.46,-0.11
-6.15,-7.3,0.1
-6.08,-6.12,-0.85
-5.66,-5.33,0.45
-6.7,-4.81,-0.51
-6.86,-4.9,0.07
-6.41,-5.43,0.76
-6.99,-5.08,0.12
-6.8,-5.1,1.08
-7.77,-5.3,1.54
-7.61,-3.83,1.14
-7.53,-3.57,-0.26
-7.65,-2.72,-0.65
-7.63,-2.69,-0.52
-6.98,-3.32,-0.72
-5.97,-3.17,-0.71
-6.6,-3.32,-1.98
-6.76,-3,-1.62
-6.33,-1.8,-1.97
-6.84,-1.97,-1.71
-6.7,-2.16,-1.54
-7,-1.99,-1.6
-6.83,-2.52,-1.65
-6.84,-2.16,-1.2
-7.34,-1.39,-0.53
-6.32,-1.29,-0.61
-6.45,-1.2,-1.12
-6.9,-2.1,-1.3
-7.12,-2.29,-0.58
-6.72,-1.87,-0.46
-6.45,-1.85,-0.05
-6.43,-1.17,0.03
-6.59,-1.12,0.11
-7,-1.47,1.59
-6.74,-2.54,1.43
-6.76,-2.68,0.52
-7.32,-2.98,0.68
-7.22,-2.63,1.65
-7.03,-2.64,1.63
-7.13,-2.86,1.78
-7.51,-2.19,2
-7.23,-3.82,1.18
-7.56,-2.75,0.72
-7.36,-3.57,0.26
-7.96,-3.46,0.39
-8.3,-2.98,0.98
-7.83,-3.19,0.39
-8,-3.01,0
-8.41,-2.76,-0.01
-8.91,-2.12,0.48
-8.47,-1.46,0.84
-9.4,-1.39,0.68
-9.22,-0.69,0.9
-8.53,-1.5,0.66
-6.78,-3.3,0.37
-7.1,-3.47,0.81
-7.43,-3.73,0.58
-7.46,-3.43,1
-6.8,-3.58,0.71
-6.74,-3.04,1.05
-7.22,-3.15,1
-7.34,-3.13,0.91
-6.2,-5.55,1.25
-6.66,-4.08,1.21
-6.94,-3.51,1.85
-6.12,-2.67,0.92
-6.12,-3.31,1.41
-5.88,-2.33,1.11
-6.83,-2.39,1.39
-5.59,-1.85,1.63
-5.54,-2.06,1.95
-6.02,-2.26,2.46
-6.81,-1.8,1.22
-6.92,-1.94,1.22
-7.04,-1.78,0.34
-6.63,-1.65,1.7
-6.91,-2.59,0.86
-6.66,-1.89,0.33
-6.21,-2.46,0.37
-6.79,-3.41,0.01
-6.81,-1.91,-0.79
-7.96,-1.86,-0.41
-7.14,-3.29,-0.2
-7.46,-2.95,-0.74
-6.41,-3.17,-0.47
-6.22,-2.9,-0.41
-6.19,-2.31,-0.27
-6.67,-1.42,-0.08
-5.91,-2.55,-0.16
-6.33,-1.22,0.23
-5.06,-2.42,0.42
-6.66,-0.57,1.1
-6.16,-2.75,1.15
-6.25,-1.74,0.58
-6.04,-1.93,0.58
-5.93,-1.91,1.36
-5.62,-2.55,1
-7.51,-1.92,1.59
-7.15,-1.91,2.27
-7.38,-2.38,0.59
-6.53,-1.81,2.53
-6.72,-2.8,3.6
-8.18,-1.97,2.28
-8.42,-1.66,1.39
-7.94,-1.99,2.03
-7.66,-1.88,1.33
-7.19,-1.33,1.9
-7.31,-1.27,1.37
-6.36,-1.51,1.73
-6.2,-1.13,1.35
-6.77,-1.09,1.58
-7.29,-0.54,2.02
-6.48,-0.91,2.68
-5.72,-1.15,1.99
-6.27,-0.8,1.54
-6.51,-0.43,0.8
-6.07,-0.77,0.8
-6.44,-1.55,1.4
-6.73,-1.4,1.59
-6.76,-1.6,1.62
-6.51,-2.37,1.81
-5.36,-2.65,1.17
-5.34,-3.38,0.96
-5.99,-3.16,3.11
-5.18,-4.19,3.58
-6.6,-1.99,0.27
-6.46,-1.98,-0.43
-8.82,-3.81,1.16
-8.42,-3.44,1.08
-9.18,-4.31,0.58
-8.72,-3.49,-0.07
-8.31,-2.69,0.15
-8.54,-2.51,0.39
-7.94,-2.3,0.39
-7.69,-2.14,0.52
-7.62,-2.05,-0.57
-8.08,-2.94,-0.43
-8.11,-2.51,-0.34
-7.74,-1.51,-0.76
-9.11,-1.69,-0.22
-8.79,-1.71,0.49
-8.66,-1.56,0.52
-8.65,-1.68,0.59
-8.49,-1.59,0.16
-7.76,-0.92,-0.2
-7.79,-2.38,-0.55
-7.22,-2.34,-1
-7.32,-2,-1.3
-7.13,-2.18,-1.86
-7.72,-2.39,-1.77
-7.52,-2.12,-1.68
-7.4,-1.98,-2.55
-6.99,-1.91,-2.18
-7.09,-0.93,-1.81
-6.95,-2.04,-2.68
-6.92,-2.58,-2.73
-7.7,-2.06,-1.5
-7.68,-2.23,-1.32
-7.71,-2.36,-1.35
-7.2,-2.35,-0.78
-7.46,-2.49,-0.63
-6.72,-2.91,-0.65
-6.74,-2.75,-0.33
-6.89,-2.41,-0.38
-7.53,-3.24,-0.54
-7.95,-3.18,-0.71
-7.4,-3.02,-0.63
-6.94,-3.03,-1.54
-7.13,-2.02,-0.55
-7.38,-1.49,-0.61
-7.29,-2.04,-1.38
-7.72,-2.14,-0.9
-8.26,-2.06,-0.73
-8.28,-2.15,0.2
-7.65,-2.48,0.09
-7.96,-1.63,0.4
-7.17,-2.06,0.58
-7.19,-1.45,0.27
-7.13,-2.02,0.3
-7.81,-1.42,-0.33
-7.62,-1.5,0.19
-7.93,-1.85,0.26
-7.81,-2.51,0.07
-7.49,-2.89,0.35
-7.71,-3.53,0.04
-7.59,-3.76,-0.55
-7.05,-3.54,-0.38
-7.59,-2.76,0.29
-7.67,-2.25,0.01
-6.68,-2.02,-0.07
-7.14,-2.19,-0.3
-6.97,-2.57,-0.05
-7.33,-2.61,-0.59
-6.99,-3.07,-0.11
-6.99,-1.73,0.64
-6.95,-2.51,-0.1
-7.01,-2.03,-0.5
-7.03,-2.15,-0.03
-6.73,-1.81,0.12
-6.65,-1.7,0.02
-6.95,-1.98,-0.26
-6.7,-2.9,0.62
-7.52,-3.26,0.46
-7.52,-3.39,0.42
-7.4,-2.96,0.05
-7.35,-2.85,0.69
-7.5,-3.32,0.72
-7.86,-3.45,0.76
-7.39,-3.28,0.83
-7.02,-3.76,1.35
-7.92,-3.19,1.44
-7,-3.53,1.66
-7.38,-3.79,1.18
-7.38,-3.28,0.85
-7.24,-3.3,0.93
-7.24,-3.32,0.63
-7.4,-3.55,1.11
-7.19,-3.54,0.92
-6.76,-3.67,0.46
-7.36,-3.81,0.34
-7.85,-3.68,-0.17
-7.85,-3.91,0.05
-7.86,-4.01,0.09
-7.88,-4.22,-0.11
-8.29,-4.45,-0.28
-8.35,-3.08,-0.73
-7.84,-3.13,-0.72
-7.31,-2.97,-0.32
-7.63,-2.94,-0.7
-7.39,-2.84,-0.5
-7.81,-2.82,0.02
-7.29,-2.71,-0.39
-7.68,-2.81,-0.25
-7.64,-2.54,0.1
-7.56,-2.92,-0.04
-7.78,-3.89,0.5
-7.3,-4.37,0.58
-7.63,-3.76,0.2
-7.54,-3.87,0.64
-7.83,-3.8,0.38
-8.22,-4.01,0.15
-7.99,-4.19,0.58
-8.41,-3.37,0.11
-8.17,-3.85,-0.34
-8.97,-3.75,-0.41
-8.04,-3.71,0.24
-7.84,-2.89,0.19
-7.94,-2.77,-0.09
-7.32,-2.14,-0.6
-7.45,-2.37,-0.12
-8.07,-4.27,0.31
-8.57,-4.35,0.45
-7.88,-4.7,0.91
-8.31,-5.16,1.11
-7.58,-4.76,0.17
-7.73,-3.08,0.58
-9.88,-3.53,1.88
-9.4,-2.73,1.87
-9.55,-2.01,2.28
-9.37,-3.36,1.82
-8.63,-4.21,1.87
-8.29,-3.59,1.63
-8.15,-4.09,1.55
-9.42,-1.98,1.97
-8.7,-3.38,2.26
-7.81,-1.38,1.8
-7.78,-1.41,1.12
-7.34,-1.48,0.99
-7.58,-1.31,1.24
-7.68,-0.86,0.97
-8.36,-1.6,2.35
-8.8,-1.73,1.44
-9.28,-1.87,1.26
-9.08,-1.94,1.32
-8.91,-0.67,1.43
-8.89,-0.64,1.66
-8.97,-0.73,1.85
-8.9,-0.78,1.89
-8.71,-0.69,1.59
-9.66,-1.15,1.94
-9.18,-1.46,1.61
-8.79,-2.36,1.39
-8.52,-1.58,1.55
-8.19,-0.92,1.23
-8.36,-0.76,0.32
-8.56,-1.35,0.78
-8.21,-1.72,0.81
-7.92,-1.52,0.69
-7.22,-1.37,0.83
-7.67,-1.3,0.64
-8.25,-1.61,0.37
-8.02,-2.08,-0.25
-7.66,-2.09,0.23
-7.86,-2.09,0.81
-7.66,-1.45,1.22
-7.6,-1.76,1.73
-7.36,-1.81,2
-7.37,-1.98,2.33
-7.66,-2.14,2.67
-8.03,-1.93,2.67
-8.07,-1.57,3.26
-8.48,-1.3,3.32
-8.53,-0.91,2.73
-8.42,-1.75,2.46
-8.96,-2.46,2.51
-7.94,-3.2,0.54
-8.71,-3.07,0.42
-8.27,-1.2,-0.11
-7.62,-1.61,0.06
-7.69,-2.5,1.2
-8.31,-2.94,1.99
-7.91,-2.41,2.05
-8.11,-1.53,2.2
-7.23,-1.24,1.38
-7.85,-1.29,2.01
-8.04,-2.12,1
-7.66,-2.76,0.87
-7.75,-1.97,1.46
-7.9,-2.14,0.98
-7.27,-1.71,1.51
-8.17,-2.18,1.26
-8.06,-1.55,1.78
-7.65,-1.45,1.35
-7.59,-1.87,1.2
-7.53,-2.15,1.66
-7.41,-2.4,1.67
-8.25,-2.69,1.85
-8.45,-1.75,1.34
-8,-2.07,1.54
-8.15,-2.48,1.31
-8.26,-2.52,2.01
-8.81,-2.11,2.05
-8.6,-2.4,1.82
-8.08,-2.09,2.61
-7.96,-1.52,2.59
-7.53,-2.39,2.91
-7.68,-2.43,2.47
-7.61,-1.45,2.7
-8.18,-1.31,2.5
-7.96,-1.91,2.97
-8.14,-1.51,1.93
-7.58,-1.43,2.64
-7.96,-1.51,2.01
-7.7,-1.77,2.29
-7.68,-1.79,2.92
-8.27,-1.07,3.12
-7.58,-1.81,3.15
-7.6,-1.44,3.21
-7.07,-1.3,3.28
-6.87,-0.96,3.05
-6.63,-0.94,2.4
-6.36,-1.27,2.07
-6.4,-0.38,2.76
-6.11,0.08,2.4
-6.71,-0.36,2.97
-6.19,0.07,1.49
-5.97,-0.25,1.05
-6.03,0.11,0.49
-5.83,0.04,0.54
-5.36,-0.58,1.06
-5.71,-0.61,0.76
-6.04,-0.14,0.89
-5.79,-0.45,0.93
-5.66,-0.11,1.1
-6.05,-0.39,0.9
-5.64,-0.15,1.17
-4.97,-0.38,1.08
-5.51,0.06,0.95
-4.32,0.08,1.2
-5.83,0.69,1.11
-5.35,0.64,2.13
-5.35,1.91,2.07
-5.1,1,2.23
-5.67,0.33,2.12
-5.39,0.72,1.93
-5.07,1.38,2.52
-5.43,1.25,2.04
-5.26,1.04,2.21
-5.24,-0.77,1.69
-4.53,-0.48,1.96
-4.42,0.45,2.17
-4.68,0.11,1.68
-4.98,-0.36,1.46
-5,-0.26,2.14
-4.65,-0.25,2.14
-4.92,-0.27,1.51
-5.06,1.13,1.95
-4.52,0.26,2.16
-4.87,0.35,2.14
-4.7,0.38,2.27
-5.57,-0.33,1.46
-4.44,0.07,1.08
-4.3,0.12,2.46
-4.35,0.24,2.41
-4.43,0.23,2.32
-4.88,0.31,2.12
-4.78,-0.51,2.06
-4.65,-0.76,1.05
-4.7,-0.86,0.84
-5.2,-0.57,1.54
-5.35,-0.39,1.2
-5.67,-0.6,0.97
-6.35,-0.46,1.13
-6.2,-1.63,1.04
-5.72,-1.62,1.92
-5.58,-1.55,2.08
-5.05,-2.27,1.53
-4.74,-2.3,1.14
-4.52,-2.53,0.54
-3.96,-2.4,-0.02
-3.73,-1.85,1.07
-4.58,-1.59,-0.22
-4.35,-2.4,0.69
-4.26,-1.69,0.58
-4.63,-2.26,0.56
-5.1,-1.44,0.65
-5.12,-2.09,0.59
-4.9,-1.8,-0.04
